<svg xmlns="http://www.w3.org/2000/svg" width="26.595" height="26.962" viewBox="0 0 26.595 26.962">
  <g id="Group_11366" data-name="Group 11366" transform="translate(-883.895 -1166.5)">
    <g id="Vector" transform="translate(889 1168)" fill="#cb4e4e" stroke-linecap="round">
      <path d="M 14.18000030517578 20.75 L 5.809999942779541 20.75 C 3.820159912109375 20.75 2.160120010375977 20.14097023010254 1.009340047836304 18.98875045776367 C -0.1416299939155579 17.83633995056152 -0.75 16.17350006103516 -0.75 14.18000030517578 L -0.75 5.809999942779541 C -0.75 1.76364004611969 1.76364004611969 -0.75 5.809999942779541 -0.75 L 14.1899995803833 -0.75 C 16.18156051635742 -0.75 17.84214973449707 -0.1404200047254562 18.99225044250488 1.012840032577515 C 20.14109992980957 2.164849996566772 20.74546051025391 3.824389934539795 20.73999977111816 5.812059879302979 L 20.73999977111816 14.1899995803833 C 20.73999977111816 18.23636054992676 18.22636032104492 20.75 14.18000030517578 20.75 Z" stroke="none"/>
      <path d="M 5.810000419616699 0 C 2.170000076293945 0 0 2.170000076293945 0 5.810000419616699 L 0 14.18000030517578 C 0 17.82999992370605 2.170000076293945 20 5.810000419616699 20 L 14.18000030517578 20 C 17.81999969482422 20 19.98999977111816 17.82999992370605 19.98999977111816 14.19000053405762 L 19.98999977111816 5.810000419616699 C 20 2.170000076293945 17.82999992370605 0 14.19000053405762 0 L 5.810000419616699 0 M 5.810000419616699 -1.5 L 14.19000053405762 -1.5 C 16.38518905639648 -1.5 18.22941970825195 -0.8142108917236328 19.5233097076416 0.4832401275634766 C 20.81594085693359 1.779439926147461 21.49600982666016 3.622829437255859 21.489990234375 5.814120292663574 L 21.48999977111816 14.19000053405762 C 21.48999977111816 16.38245010375977 20.8055591583252 18.22575950622559 19.51066017150879 19.52066040039062 C 18.21575927734375 20.81555938720703 16.37244987487793 21.5 14.18000030517578 21.5 L 5.810000419616699 21.5 C 3.616739273071289 21.5 1.773199081420898 20.81488990783691 0.4786796569824219 19.51874923706055 C -0.8157806396484375 18.22266006469727 -1.5 16.37655067443848 -1.5 14.18000030517578 L -1.5 5.810000419616699 C -1.5 3.617549896240234 -0.8155593872070312 1.774240493774414 0.479339599609375 0.479339599609375 C 1.774240493774414 -0.8155593872070312 3.617549896240234 -1.5 5.810000419616699 -1.5 Z" stroke="none" fill="#243840"/>
    </g>
    <g id="Group_11363" data-name="Group 11363">
      <g id="Group_11362" data-name="Group 11362" transform="translate(-24.566 8.038)">
        <g id="Vector-2" data-name="Vector" transform="translate(911.783 1168)" fill="#fff" stroke-linecap="round">
          <path d="M 3.720768928527832 8.307317733764648 L 3.660639047622681 8.305458068847656 C 1.187379002571106 8.220498085021973 -0.7500010132789612 6.233528137207031 -0.7500010132789612 3.781927824020386 C -0.7500010132789612 1.283017873764038 1.283019065856934 -0.7500020861625671 3.781929016113281 -0.7500020861625671 C 6.280838966369629 -0.7500020861625671 8.313858985900879 1.283017873764038 8.313858985900879 3.781927824020386 C 8.304328918457031 6.233937740325928 6.384698867797852 8.21961784362793 3.943629026412964 8.305438041687012 L 3.930459022521973 8.30589771270752 L 3.917279005050659 8.30589771270752 L 3.901359081268311 8.30589771270752 L 3.861548900604248 8.30589771270752 L 3.79948902130127 8.30589771270752 L 3.770635843276978 8.301090240478516 L 3.720768928527832 8.307317733764648 Z" stroke="none"/>
          <path d="M 3.781929016113281 -1.9073486328125e-06 C 1.69589900970459 -1.9073486328125e-06 -9.5367431640625e-07 1.695898056030273 -9.5367431640625e-07 3.781927824020386 C -9.5367431640625e-07 5.828147888183594 1.600348949432373 7.484237670898438 3.686388969421387 7.55589771270752 C 3.75007963180542 7.547937870025635 3.813779830932617 7.547937870025635 3.861548900604248 7.55589771270752 C 3.877469062805176 7.55589771270752 3.885438919067383 7.55589771270752 3.901359081268311 7.55589771270752 C 3.909318923950195 7.55589771270752 3.909318923950195 7.55589771270752 3.917279005050659 7.55589771270752 C 5.955538749694824 7.484237670898438 7.555899143218994 5.828147888183594 7.563858985900879 3.781927824020386 C 7.563858985900879 1.695898056030273 5.867959022521973 -1.9073486328125e-06 3.781929016113281 -1.9073486328125e-06 M 3.781929016113281 -1.500001907348633 C 6.694398880004883 -1.500001907348633 9.063858985900879 0.8694577217102051 9.063858985900879 3.781927824020386 L 9.063848495483398 3.787767887115479 C 9.052748680114746 6.641307830810547 6.815258979797363 8.954937934875488 3.969979047775269 9.054967880249023 L 3.861548900604248 9.05589771270752 L 3.779775619506836 9.05589771270752 L 3.754089117050171 9.059107780456543 L 3.634889125823975 9.055017471313477 C 0.7555088996887207 8.956097602844238 -1.500000953674316 6.639887809753418 -1.500000953674316 3.781927824020386 C -1.500000953674316 0.8694577217102051 0.8694591522216797 -1.500001907348633 3.781929016113281 -1.500001907348633 Z" stroke="none" fill="#243840"/>
        </g>
        <g id="Vector-3" data-name="Vector" transform="translate(909.961 1176.563)" fill="#fff" stroke-linecap="round">
          <path d="M 5.605216979980469 8.110828399658203 C 3.92786693572998 8.110828399658203 2.34296703338623 7.666908740997314 1.142467021942139 6.860848903656006 C -0.07718302309513092 6.047769069671631 -0.7500030398368835 4.9184889793396 -0.7500030398368835 3.682408809661865 C -0.7500030398368835 2.442708969116211 -0.07475302368402481 1.308028817176819 1.151346921920776 0.4874088764190674 C 2.357986927032471 -0.3113011419773102 3.942137002944946 -0.7500011324882507 5.615167140960693 -0.7500011324882507 C 7.289076805114746 -0.7500011324882507 8.869707107543945 -0.310821145772934 10.06591701507568 0.4866488575935364 C 11.27752685546875 1.294398903846741 11.95034694671631 2.421518802642822 11.96041679382324 3.660378932952881 L 11.96043682098389 3.663428783416748 L 11.96043682098389 3.666478872299194 C 11.96043682098389 4.903138637542725 11.28882694244385 6.03726863861084 10.06931686401367 6.859939098358154 C 8.867466926574707 7.666908740997314 7.282567024230957 8.110828399658203 5.605216979980469 8.110828399658203 Z" stroke="none"/>
          <path d="M 5.615170955657959 -9.5367431640625e-07 C 4.152162075042725 -9.5367431640625e-07 2.687162399291992 0.3702287673950195 1.568507194519043 1.11068868637085 C 0.5573368072509766 1.787458896636963 -2.86102294921875e-06 2.703078746795654 -2.86102294921875e-06 3.682408809661865 C -2.86102294921875e-06 4.661728858947754 0.5573368072509766 5.569388866424561 1.560546875 6.238188743591309 C 3.789886474609375 7.735048770904541 7.420547008514404 7.735048770904541 9.649887084960938 6.238188743591309 C 10.65309715270996 5.561429023742676 11.21043682098389 4.653768539428711 11.21043682098389 3.666478872299194 C 11.20247745513916 2.687159061431885 10.65309715270996 1.779499053955078 9.649887084960938 1.11068868637085 C 8.539196968078613 0.3702287673950195 7.078179359436035 -9.5367431640625e-07 5.615170955657959 -9.5367431640625e-07 M 5.615167140960693 -1.500000953674316 C 7.435506820678711 -1.500000953674316 9.163896560668945 -1.016080856323242 10.48193740844727 -0.1373910903930664 C 11.90682697296143 0.8125391006469727 12.6982364654541 2.15911865234375 12.71038722991943 3.654288768768311 L 12.71043682098389 3.666478872299194 C 12.71043682098389 5.160278797149658 11.92142677307129 6.515218734741211 10.48874664306641 7.481698989868164 C 9.163247108459473 8.371688842773438 7.429866790771484 8.860828399658203 5.605216979980469 8.860828399658203 C 3.780567169189453 8.860828399658203 2.047186851501465 8.371688842773438 0.7243871688842773 7.483519077301025 C -0.6877431869506836 6.54210901260376 -1.500002861022949 5.155658721923828 -1.500002861022949 3.682408809661865 C -1.500002861022949 2.206139087677002 -0.6856727600097656 0.8144288063049316 0.734187126159668 -0.1358709335327148 L 0.7405672073364258 -0.1401209831237793 C 2.065397262573242 -1.017050743103027 3.796566963195801 -1.500000953674316 5.615167140960693 -1.500000953674316 Z" stroke="none" fill="#243840"/>
        </g>
      </g>
      <g id="Icon_feather-wifi" data-name="Icon feather-wifi" transform="translate(910.838 1172.555) rotate(90)">
        <g id="Path_162519" data-name="Path 162519" transform="translate(-3.881 -5.42)" fill="#fff" stroke-linecap="round">
          <path d="M 6.416061878204346 16.14381980895996 C 6.06879186630249 16.14383888244629 5.742192268371582 15.99085903167725 5.520001888275146 15.7241096496582 C 5.10859203338623 15.23015975952148 5.175742149353027 14.4935998916626 5.669672012329102 14.08218955993652 C 6.699121952056885 13.22472953796387 8.003731727600098 12.75250911712646 9.343162536621094 12.75250911712646 C 10.68261241912842 12.75250911712646 11.98722171783447 13.22473907470703 13.01667213439941 14.08219909667969 C 13.51060199737549 14.49357986450195 13.57776165008545 15.23013973236084 13.16635227203369 15.72408962249756 C 12.94416236877441 15.9908390045166 12.61758232116699 16.1438102722168 12.27033233642578 16.1438102722168 C 11.99846172332764 16.14383888244629 11.73354244232178 16.04793930053711 11.52443218231201 15.873779296875 C 10.91312217712402 15.36459922790527 10.13847160339355 15.08417987823486 9.343172073364258 15.08417987823486 C 8.547872543334961 15.08417987823486 7.773221969604492 15.36459922790527 7.161921977996826 15.87376976013184 C 6.952872276306152 16.04789924621582 6.687982082366943 16.143798828125 6.416061878204346 16.14381980895996 Z" stroke="none"/>
          <path d="M 6.416016578674316 15.39381694793701 C 6.509829521179199 15.39381122589111 6.604203701019287 15.36222362518311 6.68192195892334 15.29748916625977 C 8.223952293395996 14.01308059692383 10.46239185333252 14.01308059692383 12.00442218780518 15.29748916625977 C 12.18087482452393 15.44445514678955 12.44307041168213 15.42057514190674 12.59006214141846 15.24410915374756 C 12.73703193664551 15.06764984130859 12.71313190460205 14.80544948577881 12.53667163848877 14.65847969055176 C 10.68623352050781 13.11718940734863 8.000112533569336 13.11719036102295 6.149672031402588 14.65846920013428 C 5.973212242126465 14.80544948577881 5.949312210083008 15.06764984130859 6.096282005310059 15.24410915374756 C 6.17852783203125 15.34285163879395 6.296826362609863 15.39382362365723 6.416016578674316 15.39381694793701 M 6.416172027587891 16.89381980895996 L 6.416012287139893 16.89381980895996 C 5.845471858978271 16.89381980895996 5.308852195739746 16.6424503326416 4.943762302398682 16.20415878295898 C 4.267642021179199 15.39237976074219 4.377992153167725 14.1819896697998 5.189661979675293 13.50590896606445 C 6.353611946105957 12.5364294052124 7.828681945800781 12.00250911712646 9.343162536621094 12.00250911712646 C 10.85765171051025 12.00250911712646 12.33273220062256 12.5364294052124 13.49668216705322 13.50591945648193 C 13.88986206054688 13.83338928222656 14.13200187683105 14.29442977905273 14.17846202850342 14.80405902862549 C 14.2249116897583 15.31366920471191 14.07014179229736 15.81086921691895 13.74265193939209 16.20407867431641 C 13.37751197814941 16.6424388885498 12.84089183807373 16.8938102722168 12.27033233642578 16.8938102722168 C 11.82348251342773 16.89385986328125 11.38807201385498 16.73626899719238 11.04445171356201 16.4500789642334 C 10.56761169433594 16.05290031433105 9.963432312011719 15.83417987823486 9.343172073364258 15.83417987823486 C 8.722922325134277 15.83417987823486 8.118741989135742 16.05290031433105 7.641921997070312 16.45005035400391 C 7.298372268676758 16.7361888885498 6.863071918487549 16.89377021789551 6.416172027587891 16.89381980895996 Z" stroke="none" fill="#243840"/>
        </g>
        <g id="Path_162520" data-name="Path 162520" transform="translate(0 -1)" fill="#fff" stroke-linecap="round">
          <path d="M 9.844423294067383 9.247798919677734 C 9.560544013977051 9.247828483581543 9.28679370880127 9.144388198852539 9.073683738708496 8.956538200378418 C 8.07076358795166 8.072488784790039 6.78213357925415 7.585618495941162 5.445193767547607 7.58560848236084 C 4.108253955841064 7.58560848236084 2.819633722305298 8.072478294372559 1.816713809967041 8.956528663635254 C 1.603643774986267 9.144338607788086 1.329943776130676 9.24777889251709 1.046013712882996 9.247798919677734 C 0.7113537788391113 9.247818946838379 0.392513781785965 9.103878021240234 0.1712637692689896 8.852888107299805 C -0.2538162469863892 8.370658874511719 -0.2073262333869934 7.632508277893066 0.2748937606811523 7.207428455352783 C 1.703993797302246 5.947718620300293 3.540173768997192 5.253968715667725 5.445193767547607 5.253968715667725 C 7.350223541259766 5.253978252410889 9.186393737792969 5.947728633880615 10.61547374725342 7.207408428192139 C 11.09771347045898 7.632508277893066 11.14420413970947 8.370658874511719 10.7191333770752 8.852878570556641 C 10.49790382385254 9.103858947753906 10.17908382415771 9.247798919677734 9.844423294067383 9.247798919677734 Z" stroke="none"/>
          <path d="M 1.045971989631653 8.497799873352051 C 1.143644452095032 8.497794151306152 1.241742014884949 8.46357250213623 1.320773720741272 8.393908500671387 C 2.460773706436157 7.389028549194336 3.92552375793457 6.83560848236084 5.445193767547607 6.83560848236084 C 6.964863777160645 6.835618495941162 8.429614067077637 7.389028549194336 9.569613456726074 8.393908500671387 C 9.741877555847168 8.545749664306641 10.00463771820068 8.529231071472168 10.15651416778564 8.356938362121582 C 10.30837345123291 8.184658050537109 10.29181385040283 7.921898365020752 10.11954402923584 7.770038604736328 C 8.827533721923828 6.631178379058838 7.167483806610107 6.003978252410889 5.445193767547607 6.003968715667725 C 3.722903728485107 6.003968715667725 2.062853813171387 6.631168365478516 0.7708437442779541 7.770038604736328 C 0.5985737442970276 7.921898365020752 0.5820137858390808 8.184658050537109 0.7338737845420837 8.356938362121582 C 0.816069483757019 8.450181007385254 0.9307298064231873 8.497806549072266 1.045971989631653 8.497799873352051 M 9.844573974609375 9.997798919677734 C 9.844511032104492 9.997797966003418 9.844486236572266 9.997797966003418 9.844423294067383 9.997798919677734 C 9.377775192260742 9.997806549072266 8.927921295166016 9.827831268310547 8.577754020690918 9.519168853759766 C 7.711893558502197 8.755938529968262 6.599403858184814 8.335618019104004 5.445183753967285 8.33560848236084 C 4.290993690490723 8.33560848236084 3.178493738174438 8.755938529968262 2.312653779983521 9.519158363342285 C 1.962463736534119 9.827818870544434 1.51262378692627 9.997798919677734 1.045973777770996 9.997798919677734 C 0.4962137639522552 9.997848510742188 -0.02770623192191124 9.76132869720459 -0.3913062214851379 9.348888397216797 C -1.089896202087402 8.556368827819824 -1.013486266136169 7.343358516693115 -0.2210662364959717 6.644818305969238 C 1.345133781433105 5.26425838470459 3.357433795928955 4.503968715667725 5.445193767547607 4.503968715667725 C 7.53295373916626 4.503978252410889 9.545253753662109 5.264268398284912 11.11141395568848 6.644788265228271 C 11.90387344360352 7.343358516693115 11.98028373718262 8.556368827819824 11.28176403045654 9.348808288574219 C 10.91821575164795 9.761233329772949 10.39442729949951 9.997769355773926 9.844573974609375 9.997797966003418 L 9.844573974609375 9.997798919677734 Z" stroke="none" fill="#243840"/>
        </g>
        <g id="Path_162521" data-name="Path 162521" transform="translate(-7.708 -9.842)" fill="#fff" stroke-linecap="round">
          <path d="M 14.60042285919189 23.04616737365723 C 14.60039329528809 23.04616737365723 14.60039329528809 23.04616737365723 14.60039329528809 23.04616737365723 C 14.35727882385254 23.04618835449219 14.12387084960938 22.9716682434082 13.92543315887451 22.83065605163574 C 13.69972324371338 22.67029762268066 13.43353271484375 22.58551597595215 13.15571308135986 22.58551597595215 C 12.87789344787598 22.58551597595215 12.61170291900635 22.67029762268066 12.38593292236328 22.83069610595703 C 12.18755340576172 22.97164726257324 11.95419311523438 23.04615592956543 11.71110343933105 23.04616737365723 C 11.33405303955078 23.04617691040039 10.97862339019775 22.86274719238281 10.76034355163574 22.55550765991211 C 10.38805294036865 22.03146743774414 10.51149272918701 21.30223655700684 11.03551292419434 20.9299259185791 C 11.65789318084717 20.48775672912598 12.39104270935059 20.25404739379883 13.15571308135986 20.25404739379883 C 13.9203929901123 20.25404739379883 14.65353298187256 20.48775672912598 15.27590274810791 20.92991638183594 C 15.79993343353271 21.30223655700684 15.92337322235107 22.03146743774414 15.55108261108398 22.55550765991211 C 15.33284282684326 22.86270713806152 14.97744274139404 23.0461368560791 14.60039329528809 23.04616737365723 L 14.60042285919189 23.04616737365723 Z" stroke="none"/>
          <path d="M 14.60033321380615 22.29616737365723 C 14.73043346405029 22.29615592956543 14.85859298706055 22.23526763916016 14.93967342376709 22.12113761901855 C 15.07267284393311 21.93392753601074 15.028733253479 21.67433738708496 14.84152317047119 21.54132652282715 C 13.8331937789917 20.8249568939209 12.47824382781982 20.8249568939209 11.46990299224854 21.54132652282715 C 11.28269290924072 21.67433738708496 11.23875331878662 21.93392753601074 11.37175273895264 22.12113761901855 C 11.50476264953613 22.3083553314209 11.76435279846191 22.35229873657227 11.95156288146973 22.21928596496582 C 12.67180252075195 21.70759773254395 13.63962364196777 21.70759773254395 14.35986328125 22.21928596496582 C 14.43294334411621 22.27121734619141 14.51703262329102 22.29617691040039 14.60033321380615 22.29616737365723 M 14.60051345825195 23.79616737365723 C 14.60047054290771 23.79616928100586 14.60045433044434 23.79616928100586 14.60045337677002 23.79616737365723 C 14.20073986053467 23.79620170593262 13.81709289550781 23.67374229431152 13.49100303649902 23.4420166015625 C 13.36711311340332 23.35400772094727 13.24028301239014 23.33551597595215 13.15571308135986 23.33551597595215 C 13.07114315032959 23.33551597595215 12.94431304931641 23.35400772094727 12.82029342651367 23.44211769104004 C 12.49442291259766 23.67366600036621 12.11089324951172 23.79611778259277 11.71126270294189 23.79616737365723 C 11.09159278869629 23.79616737365723 10.50761318206787 23.49474716186523 10.14893341064453 22.98987770080566 C 9.53713321685791 22.12871742248535 9.739993095397949 20.93035697937012 10.60112285614014 20.31853675842285 C 11.35116291046143 19.78567695617676 12.23451328277588 19.50404739379883 13.15571308135986 19.50404739379883 C 14.07693290710449 19.50404739379883 14.96028327941895 19.78568649291992 15.71027278900146 20.31850624084473 C 16.57143402099609 20.93035697937012 16.77429389953613 22.12871742248535 16.1624927520752 22.98986625671387 C 15.80388450622559 23.49466514587402 15.21993064880371 23.79607963562012 14.60051345825195 23.79616737365723 L 14.60051345825195 23.79616737365723 Z" stroke="none" fill="#243840"/>
        </g>
      </g>
    </g>
  </g>
</svg>
